e1 = 10.0 cos( 1000.0t ) V 
e2 = 10.012001571134672 cos( 1000.0t -2.29519553918841 ) V 
e3 = 1.0012001571134674 cos( 1000.0t -92.29519553918841 ) V 
e4 = 0.0 cos( 1000.0t ) V 
jV1 = 8.019607008787566e-05 cos( 1000.0t -89.43279031307675 ) A 
jO1 = 8.019607008787568e-05 cos( 1000.0t -89.43279031307667 ) A 

 
Resultado aproximado
 
e1 = 10.0 cos( 1000.0t ) V 
e2 = 10.012 cos( 1000.0t -2.295째 ) V 
e3 = 1.001 cos( 1000.0t -92.295째 ) V 
e4 = 0.0 cos( 1000.0t ) V 
jV1 = 0.0 cos( 1000.0t -89.433째 ) A 
jO1 = 0.0 cos( 1000.0t -89.433째 ) A 

 
Outro Formato
 
e1 = 10.0 cos( 1000.0t ) - 0.0 sin( 1000.0t ) V 
e2 = 10.004 cos( 1000.0t ) + 0.401 sin( 1000.0t ) V 
e3 = -0.04 cos( 1000.0t ) + 1.0 sin( 1000.0t ) V 
e4 = 0.0 cos( 1000.0t ) - 0.0 sin( 1000.0t ) V 
jV1 = 0.0 cos( 1000.0t ) + 0.0 sin( 1000.0t ) A 
jO1 = 0.0 cos( 1000.0t ) + 0.0 sin( 1000.0t ) A 
